%YAML:1.0
# General sensor definitions.
camera_id: right_cam

# Sensor extrinsics wrt. the body-frame
T_BS:
  cols: 4
  rows: 4
  data:  [1.0, 0.0,  0.0,  0.0647984966635704,
          0.0,  1.0, 0.0,  0.00740000000223517,
         0.0,  0.0,  1.0,  0.0160199999809265,
          0.00000000,  0.00000000,  0.00000000,  1.00000000]

# Camera specific definitions
rate_hz: 30
resolution: [640, 480]  # [width, height]
camera_model: pinhole
intrinsics: [389.627532958984, 389.627532958984, 322.364654541016, 238.443511962891]  # [fu, fv, cu, cv]
distortion_model: radtan
distortion_coefficients: [0, 0,  0,  0]  # model dependent